(kicad_pcb (version 20171130) (host pcbnew "(5.1.5)-3")

  (general
    (thickness 1.6)
    (drawings 65)
    (tracks 216)
    (zones 0)
    (modules 22)
    (nets 47)
  )

  (page A4)
  (layers
    (0 F.Cu signal)
    (31 B.Cu signal)
    (32 B.Adhes user)
    (33 F.Adhes user)
    (34 B.Paste user)
    (35 F.Paste user)
    (36 B.SilkS user)
    (37 F.SilkS user)
    (38 B.Mask user)
    (39 F.Mask user)
    (40 Dwgs.User user)
    (41 Cmts.User user)
    (42 Eco1.User user)
    (43 Eco2.User user)
    (44 Edge.Cuts user)
    (45 Margin user)
    (46 B.CrtYd user)
    (47 F.CrtYd user)
    (48 B.Fab user)
    (49 F.Fab user)
  )

  (setup
    (last_trace_width 0.25)
    (user_trace_width 0.254)
    (user_trace_width 0.381)
    (trace_clearance 0.2)
    (zone_clearance 0.381)
    (zone_45_only no)
    (trace_min 0.2)
    (via_size 0.8)
    (via_drill 0.4)
    (via_min_size 0.4)
    (via_min_drill 0.3)
    (uvia_size 0.3)
    (uvia_drill 0.1)
    (uvias_allowed no)
    (uvia_min_size 0.2)
    (uvia_min_drill 0.1)
    (edge_width 0.05)
    (segment_width 0.2)
    (pcb_text_width 0.3)
    (pcb_text_size 1.5 1.5)
    (mod_edge_width 0.12)
    (mod_text_size 1 1)
    (mod_text_width 0.15)
    (pad_size 1.5 1.5)
    (pad_drill 0.92)
    (pad_to_mask_clearance 0.051)
    (solder_mask_min_width 0.0254)
    (aux_axis_origin 0 0)
    (visible_elements 7FFFFF7F)
    (pcbplotparams
      (layerselection 0x010fc_ffffffff)
      (usegerberextensions false)
      (usegerberattributes false)
      (usegerberadvancedattributes false)
      (creategerberjobfile false)
      (excludeedgelayer true)
      (linewidth 0.100000)
      (plotframeref false)
      (viasonmask false)
      (mode 1)
      (useauxorigin false)
      (hpglpennumber 1)
      (hpglpenspeed 20)
      (hpglpendiameter 15.000000)
      (psnegative false)
      (psa4output false)
      (plotreference true)
      (plotvalue true)
      (plotinvisibletext false)
      (padsonsilk false)
      (subtractmaskfromsilk false)
      (outputformat 1)
      (mirror false)
      (drillshape 0)
      (scaleselection 1)
      (outputdirectory "OutputFiles v2.0/"))
  )

  (net 0 "")
  (net 1 GNDA)
  (net 2 VCCQ)
  (net 3 VCC)
  (net 4 GND)
  (net 5 "Net-(C7-Pad2)")
  (net 6 "Net-(CN1-Pad1)")
  (net 7 "Net-(CN1-Pad2)")
  (net 8 "Net-(CN1-Pad3)")
  (net 9 "Net-(CN1-Pad4)")
  (net 10 "Net-(CN1-Pad5)")
  (net 11 "Net-(CN1-Pad6)")
  (net 12 /3V3)
  (net 13 "Net-(CN2-Pad8)")
  (net 14 "Net-(CN2-Pad7)")
  (net 15 /mB_TX)
  (net 16 /mB_RX)
  (net 17 "Net-(CN2-Pad4)")
  (net 18 "Net-(CN2-Pad3)")
  (net 19 /5V)
  (net 20 /D-)
  (net 21 "Net-(CN3-Pad5)")
  (net 22 /D+)
  (net 23 "Net-(R1-Pad2)")
  (net 24 "Net-(R2-Pad2)")
  (net 25 "Net-(R3-Pad2)")
  (net 26 "Net-(RX1-Pad2)")
  (net 27 "Net-(TX1-Pad2)")
  (net 28 /TX)
  (net 29 "Net-(U1-Pad2)")
  (net 30 "Net-(U1-Pad3)")
  (net 31 /RX)
  (net 32 "Net-(U1-Pad6)")
  (net 33 "Net-(U1-Pad9)")
  (net 34 "Net-(U1-Pad10)")
  (net 35 "Net-(U1-Pad11)")
  (net 36 "Net-(U1-Pad12)")
  (net 37 "Net-(U1-Pad13)")
  (net 38 "Net-(U1-Pad14)")
  (net 39 "Net-(U1-Pad27)")
  (net 40 "Net-(U1-Pad28)")
  (net 41 "Net-(U2-Pad7)")
  (net 42 "Net-(U2-Pad13)")
  (net 43 "Net-(U2-Pad4)")
  (net 44 "Net-(U2-Pad6)")
  (net 45 "Net-(U2-Pad11)")
  (net 46 "Net-(PWR1-Pad1)")

  (net_class Default "This is the default net class."
    (clearance 0.2)
    (trace_width 0.25)
    (via_dia 0.8)
    (via_drill 0.4)
    (uvia_dia 0.3)
    (uvia_drill 0.1)
    (add_net /3V3)
    (add_net /5V)
    (add_net /D+)
    (add_net /D-)
    (add_net /RX)
    (add_net /TX)
    (add_net /mB_RX)
    (add_net /mB_TX)
    (add_net GND)
    (add_net GNDA)
    (add_net "Net-(C7-Pad2)")
    (add_net "Net-(CN1-Pad1)")
    (add_net "Net-(CN1-Pad2)")
    (add_net "Net-(CN1-Pad3)")
    (add_net "Net-(CN1-Pad4)")
    (add_net "Net-(CN1-Pad5)")
    (add_net "Net-(CN1-Pad6)")
    (add_net "Net-(CN2-Pad3)")
    (add_net "Net-(CN2-Pad4)")
    (add_net "Net-(CN2-Pad7)")
    (add_net "Net-(CN2-Pad8)")
    (add_net "Net-(CN3-Pad5)")
    (add_net "Net-(PWR1-Pad1)")
    (add_net "Net-(R1-Pad2)")
    (add_net "Net-(R2-Pad2)")
    (add_net "Net-(R3-Pad2)")
    (add_net "Net-(RX1-Pad2)")
    (add_net "Net-(TX1-Pad2)")
    (add_net "Net-(U1-Pad10)")
    (add_net "Net-(U1-Pad11)")
    (add_net "Net-(U1-Pad12)")
    (add_net "Net-(U1-Pad13)")
    (add_net "Net-(U1-Pad14)")
    (add_net "Net-(U1-Pad2)")
    (add_net "Net-(U1-Pad27)")
    (add_net "Net-(U1-Pad28)")
    (add_net "Net-(U1-Pad3)")
    (add_net "Net-(U1-Pad6)")
    (add_net "Net-(U1-Pad9)")
    (add_net "Net-(U2-Pad11)")
    (add_net "Net-(U2-Pad13)")
    (add_net "Net-(U2-Pad4)")
    (add_net "Net-(U2-Pad6)")
    (add_net "Net-(U2-Pad7)")
    (add_net VCC)
    (add_net VCCQ)
  )

  (module mikroLib_footprints:ISOW784x (layer F.Cu) (tedit 5D3DE0EB) (tstamp 5DA57F8C)
    (at 139.7 111.76 90)
    (descr "ISOW784x High-performance, 5000-VRMS reinforced quad-channel digital isolators with integrated high-efficiency, low-emissions DC-DC converter")
    (tags "Digital Isolator")
    (path /5DA07282)
    (fp_text reference U2 (at -3.81 -6.35 90) (layer F.SilkS)
      (effects (font (size 0.762 0.762) (thickness 0.15)))
    )
    (fp_text value ISOW7842 (at 0 6.604 90) (layer F.Fab) hide
      (effects (font (size 1 1) (thickness 0.15)))
    )
    (fp_line (start -3.75 5.15) (end -3.75 -4.15) (layer F.Fab) (width 0.1))
    (fp_line (start -5.93 -5.4) (end -5.93 5.4) (layer F.CrtYd) (width 0.05))
    (fp_line (start -3.75 -4.15) (end -2.75 -5.15) (layer F.Fab) (width 0.1))
    (fp_line (start 5.93 -5.4) (end -5.93 -5.4) (layer F.CrtYd) (width 0.05))
    (fp_line (start -5.93 5.4) (end 5.93 5.4) (layer F.CrtYd) (width 0.05))
    (fp_line (start 5.93 5.4) (end 5.93 -5.4) (layer F.CrtYd) (width 0.05))
    (fp_line (start 3.75 -5.15) (end 3.75 5.15) (layer F.Fab) (width 0.1))
    (fp_line (start 3.75 5.15) (end -3.75 5.15) (layer F.Fab) (width 0.1))
    (fp_line (start -2.75 -5.15) (end 3.75 -5.15) (layer F.Fab) (width 0.1))
    (fp_line (start -3.86 -5.005) (end -5.675 -5.005) (layer F.SilkS) (width 0.12))
    (fp_line (start -3.86 -5.26) (end -3.86 -5.005) (layer F.SilkS) (width 0.12))
    (fp_line (start 0 -5.26) (end -3.86 -5.26) (layer F.SilkS) (width 0.12))
    (fp_line (start 3.86 -5.26) (end 3.86 -5.005) (layer F.SilkS) (width 0.12))
    (fp_line (start 0 -5.26) (end 3.86 -5.26) (layer F.SilkS) (width 0.12))
    (fp_line (start -3.86 5.26) (end -3.86 5.005) (layer F.SilkS) (width 0.12))
    (fp_line (start 0 5.26) (end -3.86 5.26) (layer F.SilkS) (width 0.12))
    (fp_line (start 0 5.26) (end 3.86 5.26) (layer F.SilkS) (width 0.12))
    (fp_line (start 3.86 5.26) (end 3.86 5.005) (layer F.SilkS) (width 0.12))
    (fp_text user %R (at 0 0 90) (layer F.Fab) hide
      (effects (font (size 1 1) (thickness 0.15)))
    )
    (pad 8 smd roundrect (at -4.65 4.445 90) (size 2.05 0.6) (layers F.Cu F.Paste F.Mask) (roundrect_rratio 0.25)
      (net 1 GNDA))
    (pad 7 smd roundrect (at -4.65 3.175 90) (size 2.05 0.6) (layers F.Cu F.Paste F.Mask) (roundrect_rratio 0.25)
      (net 41 "Net-(U2-Pad7)"))
    (pad 2 smd roundrect (at -4.65 -3.175 90) (size 2.05 0.6) (layers F.Cu F.Paste F.Mask) (roundrect_rratio 0.25)
      (net 1 GNDA))
    (pad 13 smd roundrect (at 4.65 -0.635 90) (size 2.05 0.6) (layers F.Cu F.Paste F.Mask) (roundrect_rratio 0.25)
      (net 42 "Net-(U2-Pad13)"))
    (pad 16 smd roundrect (at 4.65 -4.445 90) (size 2.05 0.6) (layers F.Cu F.Paste F.Mask) (roundrect_rratio 0.25)
      (net 3 VCC))
    (pad 4 smd roundrect (at -4.65 -0.635 90) (size 2.05 0.6) (layers F.Cu F.Paste F.Mask) (roundrect_rratio 0.25)
      (net 43 "Net-(U2-Pad4)"))
    (pad 9 smd roundrect (at 4.65 4.445 90) (size 2.05 0.6) (layers F.Cu F.Paste F.Mask) (roundrect_rratio 0.25)
      (net 4 GND))
    (pad 14 smd roundrect (at 4.65 -1.905 90) (size 2.05 0.6) (layers F.Cu F.Paste F.Mask) (roundrect_rratio 0.25)
      (net 31 /RX))
    (pad 3 smd roundrect (at -4.65 -1.905 90) (size 2.05 0.6) (layers F.Cu F.Paste F.Mask) (roundrect_rratio 0.25)
      (net 16 /mB_RX))
    (pad 12 smd roundrect (at 4.65 0.635 90) (size 2.05 0.6) (layers F.Cu F.Paste F.Mask) (roundrect_rratio 0.25)
      (net 28 /TX))
    (pad 6 smd roundrect (at -4.65 1.905 90) (size 2.05 0.6) (layers F.Cu F.Paste F.Mask) (roundrect_rratio 0.25)
      (net 44 "Net-(U2-Pad6)"))
    (pad 5 smd roundrect (at -4.65 0.635 90) (size 2.05 0.6) (layers F.Cu F.Paste F.Mask) (roundrect_rratio 0.25)
      (net 15 /mB_TX))
    (pad 10 smd roundrect (at 4.65 3.175 90) (size 2.05 0.6) (layers F.Cu F.Paste F.Mask) (roundrect_rratio 0.25)
      (net 3 VCC))
    (pad 1 smd roundrect (at -4.65 -4.445 90) (size 2.05 0.6) (layers F.Cu F.Paste F.Mask) (roundrect_rratio 0.25)
      (net 2 VCCQ))
    (pad 15 smd roundrect (at 4.65 -3.175 90) (size 2.05 0.6) (layers F.Cu F.Paste F.Mask) (roundrect_rratio 0.25)
      (net 4 GND))
    (pad 11 smd roundrect (at 4.65 1.905 90) (size 2.05 0.6) (layers F.Cu F.Paste F.Mask) (roundrect_rratio 0.25)
      (net 45 "Net-(U2-Pad11)"))
    (model "${KISYS3DMOD}/SOIC - 16 Wide Body/User Library-so16w.STEP"
      (at (xyz 0 0 0))
      (scale (xyz 1 1 1))
      (rotate (xyz 0 0 0))
    )
    (model ${KISYS3DMOD}/Package_SO.3dshapes/SOIC-16W_7.5x10.3mm_P1.27mm.wrl
      (at (xyz 0 0 0))
      (scale (xyz 1 1 1))
      (rotate (xyz 0 0 0))
    )
  )

  (module Capacitor_SMD:C_0805_2012Metric (layer F.Cu) (tedit 5B36C52B) (tstamp 5DA57DF0)
    (at 135.89 122.555)
    (descr "Capacitor SMD 0805 (2012 Metric), square (rectangular) end terminal, IPC_7351 nominal, (Body size source: https://docs.google.com/spreadsheets/d/1BsfQQcO9C6DZCsRaXUlFlo91Tg2WpOkGARC1WS5S8t0/edit?usp=sharing), generated with kicad-footprint-generator")
    (tags capacitor)
    (path /5DA12760)
    (attr smd)
    (fp_text reference C1 (at 2.794 0) (layer F.SilkS)
      (effects (font (size 0.762 0.762) (thickness 0.15)))
    )
    (fp_text value C (at 0 1.65) (layer F.Fab) hide
      (effects (font (size 1 1) (thickness 0.15)))
    )
    (fp_text user %R (at 0 0) (layer F.Fab) hide
      (effects (font (size 0.5 0.5) (thickness 0.08)))
    )
    (fp_line (start 1.68 0.95) (end -1.68 0.95) (layer F.CrtYd) (width 0.05))
    (fp_line (start 1.68 -0.95) (end 1.68 0.95) (layer F.CrtYd) (width 0.05))
    (fp_line (start -1.68 -0.95) (end 1.68 -0.95) (layer F.CrtYd) (width 0.05))
    (fp_line (start -1.68 0.95) (end -1.68 -0.95) (layer F.CrtYd) (width 0.05))
    (fp_line (start -0.258578 0.71) (end 0.258578 0.71) (layer F.SilkS) (width 0.12))
    (fp_line (start -0.258578 -0.71) (end 0.258578 -0.71) (layer F.SilkS) (width 0.12))
    (fp_line (start 1 0.6) (end -1 0.6) (layer F.Fab) (width 0.1))
    (fp_line (start 1 -0.6) (end 1 0.6) (layer F.Fab) (width 0.1))
    (fp_line (start -1 -0.6) (end 1 -0.6) (layer F.Fab) (width 0.1))
    (fp_line (start -1 0.6) (end -1 -0.6) (layer F.Fab) (width 0.1))
    (pad 2 smd roundrect (at 0.9375 0) (size 0.975 1.4) (layers F.Cu F.Paste F.Mask) (roundrect_rratio 0.25)
      (net 1 GNDA))
    (pad 1 smd roundrect (at -0.9375 0) (size 0.975 1.4) (layers F.Cu F.Paste F.Mask) (roundrect_rratio 0.25)
      (net 2 VCCQ))
    (model ${KISYS3DMOD}/Capacitor_SMD.3dshapes/C_0805_2012Metric.wrl
      (at (xyz 0 0 0))
      (scale (xyz 1 1 1))
      (rotate (xyz 0 0 0))
    )
  )

  (module Capacitor_SMD:C_0805_2012Metric (layer F.Cu) (tedit 5B36C52B) (tstamp 5DA57E01)
    (at 135.89 120.65)
    (descr "Capacitor SMD 0805 (2012 Metric), square (rectangular) end terminal, IPC_7351 nominal, (Body size source: https://docs.google.com/spreadsheets/d/1BsfQQcO9C6DZCsRaXUlFlo91Tg2WpOkGARC1WS5S8t0/edit?usp=sharing), generated with kicad-footprint-generator")
    (tags capacitor)
    (path /5DA12901)
    (attr smd)
    (fp_text reference C2 (at 2.794 0) (layer F.SilkS)
      (effects (font (size 0.762 0.762) (thickness 0.15)))
    )
    (fp_text value C (at 0 1.65) (layer F.Fab) hide
      (effects (font (size 1 1) (thickness 0.15)))
    )
    (fp_line (start -1 0.6) (end -1 -0.6) (layer F.Fab) (width 0.1))
    (fp_line (start -1 -0.6) (end 1 -0.6) (layer F.Fab) (width 0.1))
    (fp_line (start 1 -0.6) (end 1 0.6) (layer F.Fab) (width 0.1))
    (fp_line (start 1 0.6) (end -1 0.6) (layer F.Fab) (width 0.1))
    (fp_line (start -0.258578 -0.71) (end 0.258578 -0.71) (layer F.SilkS) (width 0.12))
    (fp_line (start -0.258578 0.71) (end 0.258578 0.71) (layer F.SilkS) (width 0.12))
    (fp_line (start -1.68 0.95) (end -1.68 -0.95) (layer F.CrtYd) (width 0.05))
    (fp_line (start -1.68 -0.95) (end 1.68 -0.95) (layer F.CrtYd) (width 0.05))
    (fp_line (start 1.68 -0.95) (end 1.68 0.95) (layer F.CrtYd) (width 0.05))
    (fp_line (start 1.68 0.95) (end -1.68 0.95) (layer F.CrtYd) (width 0.05))
    (fp_text user %R (at 0 0) (layer F.Fab) hide
      (effects (font (size 0.5 0.5) (thickness 0.08)))
    )
    (pad 1 smd roundrect (at -0.9375 0) (size 0.975 1.4) (layers F.Cu F.Paste F.Mask) (roundrect_rratio 0.25)
      (net 2 VCCQ))
    (pad 2 smd roundrect (at 0.9375 0) (size 0.975 1.4) (layers F.Cu F.Paste F.Mask) (roundrect_rratio 0.25)
      (net 1 GNDA))
    (model ${KISYS3DMOD}/Capacitor_SMD.3dshapes/C_0805_2012Metric.wrl
      (at (xyz 0 0 0))
      (scale (xyz 1 1 1))
      (rotate (xyz 0 0 0))
    )
  )

  (module Capacitor_SMD:C_0805_2012Metric (layer F.Cu) (tedit 5B36C52B) (tstamp 5DA58C1E)
    (at 135.89 118.745)
    (descr "Capacitor SMD 0805 (2012 Metric), square (rectangular) end terminal, IPC_7351 nominal, (Body size source: https://docs.google.com/spreadsheets/d/1BsfQQcO9C6DZCsRaXUlFlo91Tg2WpOkGARC1WS5S8t0/edit?usp=sharing), generated with kicad-footprint-generator")
    (tags capacitor)
    (path /5DA12B97)
    (attr smd)
    (fp_text reference C3 (at 2.794 0.127) (layer F.SilkS)
      (effects (font (size 0.762 0.762) (thickness 0.15)))
    )
    (fp_text value C (at 0 1.65) (layer F.Fab) hide
      (effects (font (size 1 1) (thickness 0.15)))
    )
    (fp_text user %R (at 0 0) (layer F.Fab) hide
      (effects (font (size 0.5 0.5) (thickness 0.08)))
    )
    (fp_line (start 1.68 0.95) (end -1.68 0.95) (layer F.CrtYd) (width 0.05))
    (fp_line (start 1.68 -0.95) (end 1.68 0.95) (layer F.CrtYd) (width 0.05))
    (fp_line (start -1.68 -0.95) (end 1.68 -0.95) (layer F.CrtYd) (width 0.05))
    (fp_line (start -1.68 0.95) (end -1.68 -0.95) (layer F.CrtYd) (width 0.05))
    (fp_line (start -0.258578 0.71) (end 0.258578 0.71) (layer F.SilkS) (width 0.12))
    (fp_line (start -0.258578 -0.71) (end 0.258578 -0.71) (layer F.SilkS) (width 0.12))
    (fp_line (start 1 0.6) (end -1 0.6) (layer F.Fab) (width 0.1))
    (fp_line (start 1 -0.6) (end 1 0.6) (layer F.Fab) (width 0.1))
    (fp_line (start -1 -0.6) (end 1 -0.6) (layer F.Fab) (width 0.1))
    (fp_line (start -1 0.6) (end -1 -0.6) (layer F.Fab) (width 0.1))
    (pad 2 smd roundrect (at 0.9375 0) (size 0.975 1.4) (layers F.Cu F.Paste F.Mask) (roundrect_rratio 0.25)
      (net 1 GNDA))
    (pad 1 smd roundrect (at -0.9375 0) (size 0.975 1.4) (layers F.Cu F.Paste F.Mask) (roundrect_rratio 0.25)
      (net 2 VCCQ))
    (model ${KISYS3DMOD}/Capacitor_SMD.3dshapes/C_0805_2012Metric.wrl
      (at (xyz 0 0 0))
      (scale (xyz 1 1 1))
      (rotate (xyz 0 0 0))
    )
  )

  (module Capacitor_SMD:C_0805_2012Metric (layer F.Cu) (tedit 5B36C52B) (tstamp 5DA57E23)
    (at 135.89 104.775)
    (descr "Capacitor SMD 0805 (2012 Metric), square (rectangular) end terminal, IPC_7351 nominal, (Body size source: https://docs.google.com/spreadsheets/d/1BsfQQcO9C6DZCsRaXUlFlo91Tg2WpOkGARC1WS5S8t0/edit?usp=sharing), generated with kicad-footprint-generator")
    (tags capacitor)
    (path /5DA12C7E)
    (attr smd)
    (fp_text reference C4 (at 3.175 0) (layer F.SilkS)
      (effects (font (size 0.762 0.762) (thickness 0.15)))
    )
    (fp_text value C (at 0 1.65) (layer F.Fab) hide
      (effects (font (size 1 1) (thickness 0.15)))
    )
    (fp_line (start -1 0.6) (end -1 -0.6) (layer F.Fab) (width 0.1))
    (fp_line (start -1 -0.6) (end 1 -0.6) (layer F.Fab) (width 0.1))
    (fp_line (start 1 -0.6) (end 1 0.6) (layer F.Fab) (width 0.1))
    (fp_line (start 1 0.6) (end -1 0.6) (layer F.Fab) (width 0.1))
    (fp_line (start -0.258578 -0.71) (end 0.258578 -0.71) (layer F.SilkS) (width 0.12))
    (fp_line (start -0.258578 0.71) (end 0.258578 0.71) (layer F.SilkS) (width 0.12))
    (fp_line (start -1.68 0.95) (end -1.68 -0.95) (layer F.CrtYd) (width 0.05))
    (fp_line (start -1.68 -0.95) (end 1.68 -0.95) (layer F.CrtYd) (width 0.05))
    (fp_line (start 1.68 -0.95) (end 1.68 0.95) (layer F.CrtYd) (width 0.05))
    (fp_line (start 1.68 0.95) (end -1.68 0.95) (layer F.CrtYd) (width 0.05))
    (fp_text user %R (at 0 0) (layer F.Fab) hide
      (effects (font (size 0.5 0.5) (thickness 0.08)))
    )
    (pad 1 smd roundrect (at -0.9375 0) (size 0.975 1.4) (layers F.Cu F.Paste F.Mask) (roundrect_rratio 0.25)
      (net 3 VCC))
    (pad 2 smd roundrect (at 0.9375 0) (size 0.975 1.4) (layers F.Cu F.Paste F.Mask) (roundrect_rratio 0.25)
      (net 4 GND))
    (model ${KISYS3DMOD}/Capacitor_SMD.3dshapes/C_0805_2012Metric.wrl
      (at (xyz 0 0 0))
      (scale (xyz 1 1 1))
      (rotate (xyz 0 0 0))
    )
  )

  (module Capacitor_SMD:C_0805_2012Metric (layer F.Cu) (tedit 5B36C52B) (tstamp 5DA57E34)
    (at 135.89 102.87)
    (descr "Capacitor SMD 0805 (2012 Metric), square (rectangular) end terminal, IPC_7351 nominal, (Body size source: https://docs.google.com/spreadsheets/d/1BsfQQcO9C6DZCsRaXUlFlo91Tg2WpOkGARC1WS5S8t0/edit?usp=sharing), generated with kicad-footprint-generator")
    (tags capacitor)
    (path /5DA12EE8)
    (attr smd)
    (fp_text reference C5 (at 3.175 0) (layer F.SilkS)
      (effects (font (size 0.762 0.762) (thickness 0.15)))
    )
    (fp_text value C (at 0 1.65) (layer F.Fab) hide
      (effects (font (size 1 1) (thickness 0.15)))
    )
    (fp_text user %R (at 0 0) (layer F.Fab) hide
      (effects (font (size 0.5 0.5) (thickness 0.08)))
    )
    (fp_line (start 1.68 0.95) (end -1.68 0.95) (layer F.CrtYd) (width 0.05))
    (fp_line (start 1.68 -0.95) (end 1.68 0.95) (layer F.CrtYd) (width 0.05))
    (fp_line (start -1.68 -0.95) (end 1.68 -0.95) (layer F.CrtYd) (width 0.05))
    (fp_line (start -1.68 0.95) (end -1.68 -0.95) (layer F.CrtYd) (width 0.05))
    (fp_line (start -0.258578 0.71) (end 0.258578 0.71) (layer F.SilkS) (width 0.12))
    (fp_line (start -0.258578 -0.71) (end 0.258578 -0.71) (layer F.SilkS) (width 0.12))
    (fp_line (start 1 0.6) (end -1 0.6) (layer F.Fab) (width 0.1))
    (fp_line (start 1 -0.6) (end 1 0.6) (layer F.Fab) (width 0.1))
    (fp_line (start -1 -0.6) (end 1 -0.6) (layer F.Fab) (width 0.1))
    (fp_line (start -1 0.6) (end -1 -0.6) (layer F.Fab) (width 0.1))
    (pad 2 smd roundrect (at 0.9375 0) (size 0.975 1.4) (layers F.Cu F.Paste F.Mask) (roundrect_rratio 0.25)
      (net 4 GND))
    (pad 1 smd roundrect (at -0.9375 0) (size 0.975 1.4) (layers F.Cu F.Paste F.Mask) (roundrect_rratio 0.25)
      (net 3 VCC))
    (model ${KISYS3DMOD}/Capacitor_SMD.3dshapes/C_0805_2012Metric.wrl
      (at (xyz 0 0 0))
      (scale (xyz 1 1 1))
      (rotate (xyz 0 0 0))
    )
  )

  (module Capacitor_SMD:C_0805_2012Metric (layer F.Cu) (tedit 5B36C52B) (tstamp 5DA57E45)
    (at 135.89 100.965)
    (descr "Capacitor SMD 0805 (2012 Metric), square (rectangular) end terminal, IPC_7351 nominal, (Body size source: https://docs.google.com/spreadsheets/d/1BsfQQcO9C6DZCsRaXUlFlo91Tg2WpOkGARC1WS5S8t0/edit?usp=sharing), generated with kicad-footprint-generator")
    (tags capacitor)
    (path /5DA13098)
    (attr smd)
    (fp_text reference C6 (at 3.175 0.074999) (layer F.SilkS)
      (effects (font (size 0.762 0.762) (thickness 0.15)))
    )
    (fp_text value C (at 0 1.65) (layer F.Fab) hide
      (effects (font (size 1 1) (thickness 0.15)))
    )
    (fp_line (start -1 0.6) (end -1 -0.6) (layer F.Fab) (width 0.1))
    (fp_line (start -1 -0.6) (end 1 -0.6) (layer F.Fab) (width 0.1))
    (fp_line (start 1 -0.6) (end 1 0.6) (layer F.Fab) (width 0.1))
    (fp_line (start 1 0.6) (end -1 0.6) (layer F.Fab) (width 0.1))
    (fp_line (start -0.258578 -0.71) (end 0.258578 -0.71) (layer F.SilkS) (width 0.12))
    (fp_line (start -0.258578 0.71) (end 0.258578 0.71) (layer F.SilkS) (width 0.12))
    (fp_line (start -1.68 0.95) (end -1.68 -0.95) (layer F.CrtYd) (width 0.05))
    (fp_line (start -1.68 -0.95) (end 1.68 -0.95) (layer F.CrtYd) (width 0.05))
    (fp_line (start 1.68 -0.95) (end 1.68 0.95) (layer F.CrtYd) (width 0.05))
    (fp_line (start 1.68 0.95) (end -1.68 0.95) (layer F.CrtYd) (width 0.05))
    (fp_text user %R (at 0 0) (layer F.Fab) hide
      (effects (font (size 0.5 0.5) (thickness 0.08)))
    )
    (pad 1 smd roundrect (at -0.9375 0) (size 0.975 1.4) (layers F.Cu F.Paste F.Mask) (roundrect_rratio 0.25)
      (net 3 VCC))
    (pad 2 smd roundrect (at 0.9375 0) (size 0.975 1.4) (layers F.Cu F.Paste F.Mask) (roundrect_rratio 0.25)
      (net 4 GND))
    (model ${KISYS3DMOD}/Capacitor_SMD.3dshapes/C_0805_2012Metric.wrl
      (at (xyz 0 0 0))
      (scale (xyz 1 1 1))
      (rotate (xyz 0 0 0))
    )
  )

  (module Capacitor_SMD:C_0805_2012Metric (layer F.Cu) (tedit 5B36C52B) (tstamp 5DA57E56)
    (at 150.114 91.186)
    (descr "Capacitor SMD 0805 (2012 Metric), square (rectangular) end terminal, IPC_7351 nominal, (Body size source: https://docs.google.com/spreadsheets/d/1BsfQQcO9C6DZCsRaXUlFlo91Tg2WpOkGARC1WS5S8t0/edit?usp=sharing), generated with kicad-footprint-generator")
    (tags capacitor)
    (path /5DA0F8B7)
    (attr smd)
    (fp_text reference C7 (at -2.794 0.254) (layer F.SilkS)
      (effects (font (size 0.762 0.762) (thickness 0.15)))
    )
    (fp_text value 100nF (at 0 1.65) (layer F.Fab) hide
      (effects (font (size 1 1) (thickness 0.15)))
    )
    (fp_line (start -1 0.6) (end -1 -0.6) (layer F.Fab) (width 0.1))
    (fp_line (start -1 -0.6) (end 1 -0.6) (layer F.Fab) (width 0.1))
    (fp_line (start 1 -0.6) (end 1 0.6) (layer F.Fab) (width 0.1))
    (fp_line (start 1 0.6) (end -1 0.6) (layer F.Fab) (width 0.1))
    (fp_line (start -0.258578 -0.71) (end 0.258578 -0.71) (layer F.SilkS) (width 0.12))
    (fp_line (start -0.258578 0.71) (end 0.258578 0.71) (layer F.SilkS) (width 0.12))
    (fp_line (start -1.68 0.95) (end -1.68 -0.95) (layer F.CrtYd) (width 0.05))
    (fp_line (start -1.68 -0.95) (end 1.68 -0.95) (layer F.CrtYd) (width 0.05))
    (fp_line (start 1.68 -0.95) (end 1.68 0.95) (layer F.CrtYd) (width 0.05))
    (fp_line (start 1.68 0.95) (end -1.68 0.95) (layer F.CrtYd) (width 0.05))
    (fp_text user %R (at 0 0) (layer F.Fab) hide
      (effects (font (size 0.5 0.5) (thickness 0.08)))
    )
    (pad 1 smd roundrect (at -0.9375 0) (size 0.975 1.4) (layers F.Cu F.Paste F.Mask) (roundrect_rratio 0.25)
      (net 4 GND))
    (pad 2 smd roundrect (at 0.9375 0) (size 0.975 1.4) (layers F.Cu F.Paste F.Mask) (roundrect_rratio 0.25)
      (net 5 "Net-(C7-Pad2)"))
    (model ${KISYS3DMOD}/Capacitor_SMD.3dshapes/C_0805_2012Metric.wrl
      (at (xyz 0 0 0))
      (scale (xyz 1 1 1))
      (rotate (xyz 0 0 0))
    )
  )

  (module Capacitor_SMD:C_0805_2012Metric (layer F.Cu) (tedit 5B36C52B) (tstamp 5DA57E67)
    (at 143.51 101.6)
    (descr "Capacitor SMD 0805 (2012 Metric), square (rectangular) end terminal, IPC_7351 nominal, (Body size source: https://docs.google.com/spreadsheets/d/1BsfQQcO9C6DZCsRaXUlFlo91Tg2WpOkGARC1WS5S8t0/edit?usp=sharing), generated with kicad-footprint-generator")
    (tags capacitor)
    (path /5DA7B396)
    (attr smd)
    (fp_text reference C8 (at 2.794 0) (layer F.SilkS)
      (effects (font (size 0.762 0.762) (thickness 0.15)))
    )
    (fp_text value 100nF (at 0 1.65) (layer F.Fab) hide
      (effects (font (size 1 1) (thickness 0.15)))
    )
    (fp_text user %R (at 0 0) (layer F.Fab) hide
      (effects (font (size 0.5 0.5) (thickness 0.08)))
    )
    (fp_line (start 1.68 0.95) (end -1.68 0.95) (layer F.CrtYd) (width 0.05))
    (fp_line (start 1.68 -0.95) (end 1.68 0.95) (layer F.CrtYd) (width 0.05))
    (fp_line (start -1.68 -0.95) (end 1.68 -0.95) (layer F.CrtYd) (width 0.05))
    (fp_line (start -1.68 0.95) (end -1.68 -0.95) (layer F.CrtYd) (width 0.05))
    (fp_line (start -0.258578 0.71) (end 0.258578 0.71) (layer F.SilkS) (width 0.12))
    (fp_line (start -0.258578 -0.71) (end 0.258578 -0.71) (layer F.SilkS) (width 0.12))
    (fp_line (start 1 0.6) (end -1 0.6) (layer F.Fab) (width 0.1))
    (fp_line (start 1 -0.6) (end 1 0.6) (layer F.Fab) (width 0.1))
    (fp_line (start -1 -0.6) (end 1 -0.6) (layer F.Fab) (width 0.1))
    (fp_line (start -1 0.6) (end -1 -0.6) (layer F.Fab) (width 0.1))
    (pad 2 smd roundrect (at 0.9375 0) (size 0.975 1.4) (layers F.Cu F.Paste F.Mask) (roundrect_rratio 0.25)
      (net 4 GND))
    (pad 1 smd roundrect (at -0.9375 0) (size 0.975 1.4) (layers F.Cu F.Paste F.Mask) (roundrect_rratio 0.25)
      (net 3 VCC))
    (model ${KISYS3DMOD}/Capacitor_SMD.3dshapes/C_0805_2012Metric.wrl
      (at (xyz 0 0 0))
      (scale (xyz 1 1 1))
      (rotate (xyz 0 0 0))
    )
  )

  (module Capacitor_SMD:C_0805_2012Metric (layer F.Cu) (tedit 5B36C52B) (tstamp 5DA57E78)
    (at 143.4615 103.886)
    (descr "Capacitor SMD 0805 (2012 Metric), square (rectangular) end terminal, IPC_7351 nominal, (Body size source: https://docs.google.com/spreadsheets/d/1BsfQQcO9C6DZCsRaXUlFlo91Tg2WpOkGARC1WS5S8t0/edit?usp=sharing), generated with kicad-footprint-generator")
    (tags capacitor)
    (path /5DA7CCBF)
    (attr smd)
    (fp_text reference C9 (at 2.8425 -0.127) (layer F.SilkS)
      (effects (font (size 0.762 0.762) (thickness 0.15)))
    )
    (fp_text value 100nF (at 0 1.65) (layer F.Fab) hide
      (effects (font (size 1 1) (thickness 0.15)))
    )
    (fp_line (start -1 0.6) (end -1 -0.6) (layer F.Fab) (width 0.1))
    (fp_line (start -1 -0.6) (end 1 -0.6) (layer F.Fab) (width 0.1))
    (fp_line (start 1 -0.6) (end 1 0.6) (layer F.Fab) (width 0.1))
    (fp_line (start 1 0.6) (end -1 0.6) (layer F.Fab) (width 0.1))
    (fp_line (start -0.258578 -0.71) (end 0.258578 -0.71) (layer F.SilkS) (width 0.12))
    (fp_line (start -0.258578 0.71) (end 0.258578 0.71) (layer F.SilkS) (width 0.12))
    (fp_line (start -1.68 0.95) (end -1.68 -0.95) (layer F.CrtYd) (width 0.05))
    (fp_line (start -1.68 -0.95) (end 1.68 -0.95) (layer F.CrtYd) (width 0.05))
    (fp_line (start 1.68 -0.95) (end 1.68 0.95) (layer F.CrtYd) (width 0.05))
    (fp_line (start 1.68 0.95) (end -1.68 0.95) (layer F.CrtYd) (width 0.05))
    (fp_text user %R (at 0 0) (layer F.Fab) hide
      (effects (font (size 0.5 0.5) (thickness 0.08)))
    )
    (pad 1 smd roundrect (at -0.9375 0) (size 0.975 1.4) (layers F.Cu F.Paste F.Mask) (roundrect_rratio 0.25)
      (net 3 VCC))
    (pad 2 smd roundrect (at 0.9375 0) (size 0.975 1.4) (layers F.Cu F.Paste F.Mask) (roundrect_rratio 0.25)
      (net 4 GND))
    (model ${KISYS3DMOD}/Capacitor_SMD.3dshapes/C_0805_2012Metric.wrl
      (at (xyz 0 0 0))
      (scale (xyz 1 1 1))
      (rotate (xyz 0 0 0))
    )
  )

  (module Connector_PinHeader_2.54mm:PinHeader_1x08_P2.54mm_Vertical (layer B.Cu) (tedit 59FED5CC) (tstamp 5DA57E94)
    (at 128.27 105.41 180)
    (descr "Through hole straight pin header, 1x08, 2.54mm pitch, single row")
    (tags "Through hole pin header THT 1x08 2.54mm single row")
    (path /5DA08CD4)
    (fp_text reference CN1 (at 0 2.33) (layer B.SilkS) hide
      (effects (font (size 1 1) (thickness 0.15)) (justify mirror))
    )
    (fp_text value HeaderPin_1x8_2.54mm (at 0 -20.11) (layer B.Fab) hide
      (effects (font (size 1 1) (thickness 0.15)) (justify mirror))
    )
    (fp_line (start -0.635 1.27) (end 1.27 1.27) (layer B.Fab) (width 0.1))
    (fp_line (start 1.27 1.27) (end 1.27 -19.05) (layer B.Fab) (width 0.1))
    (fp_line (start 1.27 -19.05) (end -1.27 -19.05) (layer B.Fab) (width 0.1))
    (fp_line (start -1.27 -19.05) (end -1.27 0.635) (layer B.Fab) (width 0.1))
    (fp_line (start -1.27 0.635) (end -0.635 1.27) (layer B.Fab) (width 0.1))
    (fp_line (start -1.33 -19.11) (end 1.33 -19.11) (layer B.SilkS) (width 0.12))
    (fp_line (start -1.33 -1.27) (end -1.33 -19.11) (layer B.SilkS) (width 0.12))
    (fp_line (start 1.33 -1.27) (end 1.33 -19.11) (layer B.SilkS) (width 0.12))
    (fp_line (start -1.33 -1.27) (end 1.33 -1.27) (layer B.SilkS) (width 0.12))
    (fp_line (start -1.33 0) (end -1.33 1.33) (layer B.SilkS) (width 0.12))
    (fp_line (start -1.33 1.33) (end 0 1.33) (layer B.SilkS) (width 0.12))
    (fp_line (start -1.8 1.8) (end -1.8 -19.55) (layer B.CrtYd) (width 0.05))
    (fp_line (start -1.8 -19.55) (end 1.8 -19.55) (layer B.CrtYd) (width 0.05))
    (fp_line (start 1.8 -19.55) (end 1.8 1.8) (layer B.CrtYd) (width 0.05))
    (fp_line (start 1.8 1.8) (end -1.8 1.8) (layer B.CrtYd) (width 0.05))
    (fp_text user %R (at 0 -8.89 270) (layer B.Fab) hide
      (effects (font (size 1 1) (thickness 0.15)) (justify mirror))
    )
    (pad 1 thru_hole rect (at 0 0 180) (size 1.7 1.7) (drill 1) (layers *.Cu *.Mask)
      (net 6 "Net-(CN1-Pad1)"))
    (pad 2 thru_hole oval (at 0 -2.54 180) (size 1.7 1.7) (drill 1) (layers *.Cu *.Mask)
      (net 7 "Net-(CN1-Pad2)"))
    (pad 3 thru_hole oval (at 0 -5.08 180) (size 1.7 1.7) (drill 1) (layers *.Cu *.Mask)
      (net 8 "Net-(CN1-Pad3)"))
    (pad 4 thru_hole oval (at 0 -7.62 180) (size 1.7 1.7) (drill 1) (layers *.Cu *.Mask)
      (net 9 "Net-(CN1-Pad4)"))
    (pad 5 thru_hole oval (at 0 -10.16 180) (size 1.7 1.7) (drill 1) (layers *.Cu *.Mask)
      (net 10 "Net-(CN1-Pad5)"))
    (pad 6 thru_hole oval (at 0 -12.7 180) (size 1.7 1.7) (drill 1) (layers *.Cu *.Mask)
      (net 11 "Net-(CN1-Pad6)"))
    (pad 7 thru_hole oval (at 0 -15.24 180) (size 1.7 1.7) (drill 1) (layers *.Cu *.Mask)
      (net 12 /3V3))
    (pad 8 thru_hole oval (at 0 -17.78 180) (size 1.7 1.7) (drill 1) (layers *.Cu *.Mask)
      (net 1 GNDA))
    (model ${KISYS3DMOD}/Connector_PinHeader_2.54mm.3dshapes/PinHeader_1x08_P2.54mm_Vertical.wrl
      (at (xyz 0 0 0))
      (scale (xyz 1 1 1))
      (rotate (xyz 0 0 0))
    )
  )

  (module Connector_PinHeader_2.54mm:PinHeader_1x08_P2.54mm_Vertical (layer B.Cu) (tedit 59FED5CC) (tstamp 5DA57EB0)
    (at 151.13 123.19)
    (descr "Through hole straight pin header, 1x08, 2.54mm pitch, single row")
    (tags "Through hole pin header THT 1x08 2.54mm single row")
    (path /5DA099B6)
    (fp_text reference CN2 (at 0 2.33) (layer B.SilkS) hide
      (effects (font (size 1 1) (thickness 0.15)) (justify mirror))
    )
    (fp_text value HeaderPin_1x8_2.54mm (at 0 -20.11) (layer B.Fab) hide
      (effects (font (size 1 1) (thickness 0.15)) (justify mirror))
    )
    (fp_text user %R (at 0 -8.89 270) (layer B.Fab) hide
      (effects (font (size 1 1) (thickness 0.15)) (justify mirror))
    )
    (fp_line (start 1.8 1.8) (end -1.8 1.8) (layer B.CrtYd) (width 0.05))
    (fp_line (start 1.8 -19.55) (end 1.8 1.8) (layer B.CrtYd) (width 0.05))
    (fp_line (start -1.8 -19.55) (end 1.8 -19.55) (layer B.CrtYd) (width 0.05))
    (fp_line (start -1.8 1.8) (end -1.8 -19.55) (layer B.CrtYd) (width 0.05))
    (fp_line (start -1.33 1.33) (end 0 1.33) (layer B.SilkS) (width 0.12))
    (fp_line (start -1.33 0) (end -1.33 1.33) (layer B.SilkS) (width 0.12))
    (fp_line (start -1.33 -1.27) (end 1.33 -1.27) (layer B.SilkS) (width 0.12))
    (fp_line (start 1.33 -1.27) (end 1.33 -19.11) (layer B.SilkS) (width 0.12))
    (fp_line (start -1.33 -1.27) (end -1.33 -19.11) (layer B.SilkS) (width 0.12))
    (fp_line (start -1.33 -19.11) (end 1.33 -19.11) (layer B.SilkS) (width 0.12))
    (fp_line (start -1.27 0.635) (end -0.635 1.27) (layer B.Fab) (width 0.1))
    (fp_line (start -1.27 -19.05) (end -1.27 0.635) (layer B.Fab) (width 0.1))
    (fp_line (start 1.27 -19.05) (end -1.27 -19.05) (layer B.Fab) (width 0.1))
    (fp_line (start 1.27 1.27) (end 1.27 -19.05) (layer B.Fab) (width 0.1))
    (fp_line (start -0.635 1.27) (end 1.27 1.27) (layer B.Fab) (width 0.1))
    (pad 8 thru_hole oval (at 0 -17.78) (size 1.7 1.7) (drill 1) (layers *.Cu *.Mask)
      (net 13 "Net-(CN2-Pad8)"))
    (pad 7 thru_hole oval (at 0 -15.24) (size 1.7 1.7) (drill 1) (layers *.Cu *.Mask)
      (net 14 "Net-(CN2-Pad7)"))
    (pad 6 thru_hole oval (at 0 -12.7) (size 1.7 1.7) (drill 1) (layers *.Cu *.Mask)
      (net 15 /mB_TX))
    (pad 5 thru_hole oval (at 0 -10.16) (size 1.7 1.7) (drill 1) (layers *.Cu *.Mask)
      (net 16 /mB_RX))
    (pad 4 thru_hole oval (at 0 -7.62) (size 1.7 1.7) (drill 1) (layers *.Cu *.Mask)
      (net 17 "Net-(CN2-Pad4)"))
    (pad 3 thru_hole oval (at 0 -5.08) (size 1.7 1.7) (drill 1) (layers *.Cu *.Mask)
      (net 18 "Net-(CN2-Pad3)"))
    (pad 2 thru_hole oval (at 0 -2.54) (size 1.7 1.7) (drill 1) (layers *.Cu *.Mask)
      (net 19 /5V))
    (pad 1 thru_hole rect (at 0 0) (size 1.7 1.7) (drill 1) (layers *.Cu *.Mask)
      (net 1 GNDA))
    (model ${KISYS3DMOD}/Connector_PinHeader_2.54mm.3dshapes/PinHeader_1x08_P2.54mm_Vertical.wrl
      (at (xyz 0 0 0))
      (scale (xyz 1 1 1))
      (rotate (xyz 0 0 0))
    )
  )

  (module mikroLib_footprints:USB-B_CONN (layer F.Cu) (tedit 5DA5A530) (tstamp 5DA57ECC)
    (at 138.43 85.09 90)
    (path /5DA07951)
    (fp_text reference "USB-B CNN" (at 6.35 -7.874 90) (layer F.SilkS)
      (effects (font (size 0.762 0.762) (thickness 0.15)))
    )
    (fp_text value USB-B_CONN (at 6.985 10.795 90) (layer F.Fab) hide
      (effects (font (size 1 1) (thickness 0.15)))
    )
    (fp_line (start 15.01 7.3) (end -1.49 7.3) (layer F.Fab) (width 0.1))
    (fp_line (start -1.99 9.52) (end 15.51 9.52) (layer F.CrtYd) (width 0.05))
    (fp_line (start 15.01 -4.8) (end 15.01 7.3) (layer F.Fab) (width 0.1))
    (fp_line (start -1.82 0) (end -2.32 -0.5) (layer F.SilkS) (width 0.12))
    (fp_line (start -1.49 -3.8) (end -0.49 -4.8) (layer F.Fab) (width 0.1))
    (fp_line (start 6.76 -4.91) (end 15.12 -4.91) (layer F.SilkS) (width 0.12))
    (fp_line (start 15.12 7.41) (end 6.76 7.41) (layer F.SilkS) (width 0.12))
    (fp_line (start -1.99 -7.02) (end -1.99 9.52) (layer F.CrtYd) (width 0.05))
    (fp_line (start -1.6 7.41) (end 2.66 7.41) (layer F.SilkS) (width 0.12))
    (fp_line (start 15.12 -4.91) (end 15.12 7.41) (layer F.SilkS) (width 0.12))
    (fp_line (start 15.51 -7.02) (end -1.99 -7.02) (layer F.CrtYd) (width 0.05))
    (fp_line (start -2.32 -0.5) (end -2.32 0.5) (layer F.SilkS) (width 0.12))
    (fp_line (start 2.66 -4.91) (end -1.6 -4.91) (layer F.SilkS) (width 0.12))
    (fp_line (start -2.32 0.5) (end -1.82 0) (layer F.SilkS) (width 0.12))
    (fp_line (start 15.51 9.52) (end 15.51 -7.02) (layer F.CrtYd) (width 0.05))
    (fp_line (start -0.49 -4.8) (end 15.01 -4.8) (layer F.Fab) (width 0.1))
    (fp_line (start -1.6 -4.91) (end -1.6 7.41) (layer F.SilkS) (width 0.12))
    (fp_line (start -1.49 7.3) (end -1.49 -3.8) (layer F.Fab) (width 0.1))
    (pad 2 thru_hole circle (at 0 2.5 90) (size 1.5 1.5) (drill 0.92) (layers *.Cu *.Mask)
      (net 20 /D-))
    (pad 4 thru_hole circle (at 2 0 90) (size 1.5 1.5) (drill 0.92) (layers *.Cu *.Mask)
      (net 4 GND))
    (pad 5 thru_hole circle (at 4.71 -4.77 90) (size 3 3) (drill 2) (layers *.Cu *.Mask)
      (net 21 "Net-(CN3-Pad5)"))
    (pad 3 thru_hole circle (at 2 2.5 90) (size 1.5 1.5) (drill 0.92) (layers *.Cu *.Mask)
      (net 22 /D+))
    (pad 1 thru_hole rect (at 0 0 90) (size 1.5 1.5) (drill 0.92) (layers *.Cu *.Mask)
      (net 3 VCC))
    (pad 5 thru_hole circle (at 4.71 7.27 90) (size 3 3) (drill 2) (layers *.Cu *.Mask)
      (net 21 "Net-(CN3-Pad5)"))
    (model ${KIPRJMOD}/3D/USB-B_Conn.stp
      (offset (xyz 15 -1.25 5.5))
      (scale (xyz 1 1 1))
      (rotate (xyz -90 0 -90))
    )
  )

  (module mikroLib_footprints:Jumper_0805 (layer F.Cu) (tedit 5D7FCA5D) (tstamp 5DA5C73D)
    (at 145.288 122.682 180)
    (path /5DA1598B)
    (fp_text reference JMP (at 3.302 1.524) (layer F.SilkS)
      (effects (font (size 0.762 0.762) (thickness 0.15)))
    )
    (fp_text value JUMPER_0805 (at 0.762 1.905) (layer F.Fab) hide
      (effects (font (size 1 1) (thickness 0.15)))
    )
    (fp_line (start -1 -0.6) (end 1 -0.6) (layer F.Fab) (width 0.1))
    (fp_line (start -1.68 0.95) (end -1.68 -0.95) (layer F.CrtYd) (width 0.05))
    (fp_line (start -1.68 -0.95) (end 3.556 -0.95) (layer F.CrtYd) (width 0.05))
    (fp_line (start -0.258578 0.71) (end 0.258578 0.71) (layer F.SilkS) (width 0.12))
    (fp_line (start 1 0.6) (end -1 0.6) (layer F.Fab) (width 0.1))
    (fp_line (start 3.556 0.95) (end -1.68 0.95) (layer F.CrtYd) (width 0.05))
    (fp_line (start -0.258578 -0.71) (end 0.258578 -0.71) (layer F.SilkS) (width 0.12))
    (fp_line (start 1 -0.6) (end 1 0.6) (layer F.Fab) (width 0.1))
    (fp_line (start -1 0.6) (end -1 -0.6) (layer F.Fab) (width 0.1))
    (fp_line (start 0.8669 -0.6) (end 2.8669 -0.6) (layer F.Fab) (width 0.1))
    (fp_line (start 1.608322 0.71) (end 2.125478 0.71) (layer F.SilkS) (width 0.12))
    (fp_line (start 2.8669 0.6) (end 0.8669 0.6) (layer F.Fab) (width 0.1))
    (fp_line (start 3.556 -0.95) (end 3.556 0.95) (layer F.CrtYd) (width 0.05))
    (fp_line (start 1.608322 -0.71) (end 2.125478 -0.71) (layer F.SilkS) (width 0.12))
    (fp_line (start 2.8669 -0.6) (end 2.8669 0.6) (layer F.Fab) (width 0.1))
    (fp_line (start 0.8669 0.6) (end 0.8669 -0.6) (layer F.Fab) (width 0.1))
    (pad 2 smd roundrect (at 0.9375 0 180) (size 0.975 1.4) (layers F.Cu F.Paste F.Mask) (roundrect_rratio 0.25)
      (net 2 VCCQ))
    (pad 1 smd roundrect (at -0.9375 0 180) (size 0.975 1.4) (layers F.Cu F.Paste F.Mask) (roundrect_rratio 0.25)
      (net 19 /5V))
    (pad 3 smd roundrect (at 2.8044 0 180) (size 0.975 1.4) (layers F.Cu F.Paste F.Mask) (roundrect_rratio 0.25)
      (net 12 /3V3))
    (model ${KISYS3DMOD}/Resistor_SMD.3dshapes/R_0805_2012Metric.wrl
      (at (xyz 0 0 0))
      (scale (xyz 1 1 1))
      (rotate (xyz 0 0 0))
    )
  )

  (module Resistor_SMD:R_0805_2012Metric (layer F.Cu) (tedit 5B36C52B) (tstamp 5DA57EF4)
    (at 129.286 88.392 180)
    (descr "Resistor SMD 0805 (2012 Metric), square (rectangular) end terminal, IPC_7351 nominal, (Body size source: https://docs.google.com/spreadsheets/d/1BsfQQcO9C6DZCsRaXUlFlo91Tg2WpOkGARC1WS5S8t0/edit?usp=sharing), generated with kicad-footprint-generator")
    (tags resistor)
    (path /5DA1214E)
    (attr smd)
    (fp_text reference R1 (at -2.794 0) (layer F.SilkS)
      (effects (font (size 0.762 0.762) (thickness 0.15)))
    )
    (fp_text value 2k2 (at 0 1.65) (layer F.Fab) hide
      (effects (font (size 1 1) (thickness 0.15)))
    )
    (fp_text user %R (at 0 0) (layer F.Fab) hide
      (effects (font (size 0.5 0.5) (thickness 0.08)))
    )
    (fp_line (start 1.68 0.95) (end -1.68 0.95) (layer F.CrtYd) (width 0.05))
    (fp_line (start 1.68 -0.95) (end 1.68 0.95) (layer F.CrtYd) (width 0.05))
    (fp_line (start -1.68 -0.95) (end 1.68 -0.95) (layer F.CrtYd) (width 0.05))
    (fp_line (start -1.68 0.95) (end -1.68 -0.95) (layer F.CrtYd) (width 0.05))
    (fp_line (start -0.258578 0.71) (end 0.258578 0.71) (layer F.SilkS) (width 0.12))
    (fp_line (start -0.258578 -0.71) (end 0.258578 -0.71) (layer F.SilkS) (width 0.12))
    (fp_line (start 1 0.6) (end -1 0.6) (layer F.Fab) (width 0.1))
    (fp_line (start 1 -0.6) (end 1 0.6) (layer F.Fab) (width 0.1))
